2238450
2238451
2238452
2413216
2413219
2413232
2413234
2413240
2413243
2413245
2413251
2413256
2413260
2413265
2413266
2413276
2413281
2413287
2413292
2413296
2413300
2413301
2413302
2413312
2413316
2413320
2413322
2413329
2413338
2413344
2413347
2413349
2413352
2413360
2413406
2413427
2413452
2470087
2470102
2470940
2470945
2471020
2504304
2669618
2805495
2846831
3017958
3162271
3162284
3175696
3181019
3210283
3210290
3326769
3326773
3326776
3326780
3326783
3326787
3326788
3326795
3326798
3326802
3326803
3336482
3351944
3351945
3351952
3351956
3351960
3351964
3573026
3655259
3657841
3711489
3722582
3724084
3750806
3791429
3819032
3819036
3819040
3861551
3931552
4000824
4070824
4132676
4148819
4231647
4266587
3861548
4354721
4354724
4354784
4354785
